No	Periode	Inflasi
1	Agustus 2023	14,375
2	Juli 2023	13,05555556
3	Juni 2023	16,11111111
4	Mei 2023	400
5	April 2023	18,95833333
6	Maret 2023	23,40277778
7	Februari 2023	24,09722222
8	Januari 2023	22,77777778
9	Desember 2022	24,375
10	November 2022	23,75
11	Oktober 2022	25,76388889
12	September 2022	27,43055556
13	Agustus 2022	21,45833333
14	Juli 2022	23,19444444
15	Juni 2022	19,09722222
16	Mei 2022	16,31944444
17	April 2022	15,76388889
18	Maret 2022	12,77777778
19	Februari 2022	8,75
20	Januari 2022	9,583333333
21	Desember 2021	10,20833333
22	November 2021	9,375
23	Oktober 2021	8,75
24	September 2021	4,583333333
25	Agustus 2021	8,263888889
26	Juli 2021	7,777777778
27	Juni 2021	6,458333333
28	Mei 2021	8,888888889
29	April 2021	7,083333333
30	Maret 2021	6,736111111
31	Februari 2021	6,805555556
32	Januari 2021	7,986111111
33	Desember 2020	8,888888889
34	November 2020	8,263888889
35	Oktober 2020	7,222222222
36	September 2020	7,083333333
37	Agustus 2020	6,388888889
38	Juli 2020	7,916666667
39	Juni 2020	10,83333333
40	Mei 2020	9,652777778
41	April 2020	12,98611111
42	Maret 2020	15
43	Februari 2020	15,13888889
44	Januari 2020	13,05555556
45	Desember 2019	13,33333333
46	November 2019	300
47	Oktober 2019	13,40277778
48	September 2019	15,20833333
49	Agustus 2019	15,90277778
50	Juli 2019	14,72222222
51	Juni 2019	14,44444444
52	Mei 2019	14,72222222
53	April 2019	14,09722222
54	Maret 2019	11,66666667
55	Februari 2019	12,29166667
56	Januari 2019	14,02777778
57	Desember 2018	13,40277778
58	November 2018	14,09722222
59	Oktober 2018	13,61111111
60	September 2018	14,44444444
61	Agustus 2018	12,63888889
62	Juli 2018	13,75
63	Juni 2018	13,33333333
64	Mei 2018	14,09722222
65	April 2018	15,34722222
66	Maret 2018	12,77777778
67	Februari 2018	13,75
68	Januari 2018	14,23611111
69	Desember 2017	16,73611111
70	November 2017	12,70833333
71	Oktober 2017	16,52777778
72	September 2017	17,5
73	Agustus 2017	18,19444444
74	Juli 2017	18,61111111
75	Juni 2017	19,23611111
76	Mei 2017	18,95833333
77	April 2017	17,84722222
78	Maret 2017	16,73611111
79	Februari 2017	18,26388889
80	Januari 2017	15,90277778
81	Desember 2016	12,63888889
82	November 2016	16,52777778
83	Oktober 2016	14,65277778
84	September 2016	12,98611111
85	Agustus 2016	13,81944444
86	Juli 2016	13,95833333
87	Juni 2016	15,625
88	Mei 2016	14,79166667
89	April 2016	12,91666667
90	Maret 2016	19,79166667
91	Februari 2016	19,58333333
92	Januari 2016	17,63888889
93	Desember 2015	14,93055556
94	November 2015	22,84722222
95	Oktober 2015	26,73611111
96	September 2015	30,76388889
97	Agustus 2015	30,41666667
98	Juli 2015	30,97222222
99	Juni 2015	30,97222222
100	Mei 2015	30,20833333
101	April 2015	30,48611111
102	Maret 2015	27,63888889
103	Februari 2015	27,01388889
104	Januari 2015	31,66666667
105	Desember 2014	35,83333333
106	November 2014	26,59722222
107	Oktober 2014	22,43055556
108	September 2014	20,34722222
109	Agustus 2014	19,375
110	Juli 2014	20,34722222
111	Juni 2014	25,48611111
112	Mei 2014	31,38888889
113	April 2014	30,90277778
114	Maret 2014	31,38888889
115	Februari 2014	34,375
116	Januari 2014	34,86111111
117	Desember 2013	35,97222222
118	November 2013	35,90277778
119	Oktober 2013	35,55555556
120	September 2013	33,61111111
121	Agustus 2013	38,81944444
122	Juli 2013	37,56944444
123	Juni 2013	21,45833333
124	Mei 2013	24,09722222
125	April 2013	24,79166667
126	Maret 2013	21,45833333
127	Februari 2013	22,98611111
128	Januari 2013	20,625
129	Desember 2012	16,875
130	November 2012	18,88888889
131	Oktober 2012	20,90277778
132	September 2012	18,81944444
133	Agustus 2012	20,69444444
134	Juli 2012	20,55555556
135	Juni 2012	20,34722222
136	Mei 2012	19,79166667
137	April 2012	17,01388889
138	Maret 2012	19,23611111
139	Februari 2012	16,38888889
140	Januari 2012	17,01388889
141	Desember 2011	17,98611111
142	November 2011	17,70833333
143	Oktober 2011	19,58333333
144	September 2011	20,90277778
145	Agustus 2011	22,15277778
146	Juli 2011	20,90277778
147	Juni 2011	24,58333333
148	Mei 2011	27,63888889
149	April 2011	26,11111111
150	Maret 2011	29,51388889
151	Februari 2011	30,83333333
152	Januari 2011	29,30555556
153	Desember 2010	31,66666667
154	November 2010	27,29166667
155	Oktober 2010	25,48611111
156	September 2010	21,38888889
157	Agustus 2010	28,05555556
158	Juli 2010	26,52777778
159	Juni 2010	21,18055556
160	Mei 2010	17,77777778
161	April 2010	18,81944444
162	Maret 2010	15,48611111
163	Februari 2010	18,125
164	Januari 2010	17,5
165	Desember 2009	13,75
166	November 2009	11,18055556
167	Oktober 2009	12,29166667
168	September 2009	14,09722222
169	Agustus 2009	13,54166667
170	Juli 2009	13,26388889
171	Juni 2009	17,01388889
172	Mei 2009	25,27777778
173	April 2009	31,31944444
174	Maret 2009	35,55555556
175	Februari 2009	33,75
176	Januari 2009	38,68055556
177	Desember 2008	46,25
178	November 2008	50,55555556
179	Oktober 2008	51,18055556
180	September 2008	50,97222222
181	Agustus 2008	51,73611111
182	Juli 2008	46,45833333
183	Juni 2008	46,04166667
184	Mei 2008	44,30555556
185	April 2008	40
186	Maret 2008	34,51388889
187	Februari 2008	29,44444444
188	Januari 2008	31,66666667
189	Desember 2007	29,09722222
190	November 2007	29,93055556
191	Oktober 2007	31,11111111
192	September 2007	31,59722222
193	Agustus 2007	28,54166667
194	Juli 2007	25,41666667
195	Juni 2007	26,18055556
196	Mei 2007	25,06944444
197	April 2007	27,01388889
198	Maret 2007	28,61111111
199	Februari 2007	25,20833333
200	Januari 2007	26,80555556
201	Desember 2006	25,41666667
202	November 2006	22,70833333
203	Oktober 2006	27,01388889
204	September 2006	62,15277778
205	Agustus 2006	58,95833333
206	Juli 2006	63,54166667
207	Juni 2006	66,18055556
208	Mei 2006	62,91666667
209	April 2006	62,77777778
210	Maret 2006	67,63888889
211	Februari 2006	77,22222222
212	Januari 2006	71,04166667
213	Desember 2005	71,59722222
214	November 2005	77,63888889
215	Oktober 2005	77,01388889
216	September 2005	37,91666667
217	Agustus 2005	35,625
218	Juli 2005	35
219	Juni 2005	32,08333333
220	Mei 2005	29,44444444
221	April 2005	34,16666667
222	Maret 2005	38,95833333
223	Februari 2005	30,20833333
224	Januari 2005	31,38888889
225	Desember 2004	25,27777778
226	November 2004	26,25
227	Oktober 2004	26,52777778
228	September 2004	26,875
229	Agustus 2004	29,65277778
230	Juli 2004	29,30555556
231	Juni 2004	30,76388889
232	Mei 2004	28,26388889
233	April 2004	27,22222222
234	Maret 2004	21,59722222
235	Februari 2004	17,08333333
236	Januari 2004	22,36111111
237	Desember 2003	21,94444444
238	November 2003	24,51388889
239	Oktober 2003	28,33333333
240	September 2003	27,29166667
241	Agustus 2003	28,54166667
242	Juli 2003	26,875
243	Juni 2003	31,80555556
244	Mei 2003	30,20833333
245	April 2003	33,47222222
246	Maret 2003	30,34722222
247	Februari 2003	29,58333333
248	Januari 2003	38,05555556
249	Desember 2002	0
